667
1334
1333
1333
1334
1333
1333
1333
1334
1333
1333
1334
1333
1333
1334
1333
1334
1333
1333
1334
1333
1333
1333
1334
1333
1333
1334
1333
1208
1003
734
655
628
532
517
464
468
364
349
339
355
349
316
300
285
190
142
135
103
109
90
87
90
69
68
80
57
54
66
42
62
33
35
23
26
33
24
29
15
18
14
24
26
28
25
29
18
18
22
19
21
20
25
40
33
36
28
30
24
31
37
46
42
58
61
54
63
53
69
86
74
88
116
111
145
186
272
312
316
338
371
418
468
496
479
563
628
717
935
1094
1333
1333
1334
1333
1334
1333
1333
1333
1334
1333
1333
1334
1333
1334
1333
1333
1333
1334
1333
1333
1334
1333
1334
1333
1333
1333
1334
1333
1333
1334
