6667
13334
13333
13333
13334
13333
13333
13333
13334
13333
13333
13334
13333
13333
13334
13333
13334
13333
13333
13334
13333
13333
13333
13334
13333
13333
13334
13333
13334
13333
13333
13334
13333
13333
13333
13334
13333
13333
13334
13333
13333
12488
9922
6941
5412
4067
3013
2789
2559
2106
1930
1874
1581
1470
1339
1240
976
138
52
5
3
0
0
0
0
0
2
3
7
22
14
12
10
9
7
20
11
15
10
19
11
30
22
34
50
52
71
78
94
147
177
295
483
1026
1500
1703
1918
1941
2170
2547
2955
3610
4744
6438
8058
11444
12873
13333
13333
13333
13334
13333
13334
13333
13333
13334
13333
13333
13333
13334
13333
13333
13334
13333
13334
13333
13333
13333
13334
13333
13333
13334
13333
13334
13333
13333
13333
13334
13333
13333
13334
13333
13334
13333
13333
13333
13334
13333
13333
13334
