6667
13334
13333
13333
13334
13333
13333
13333
13334
13333
13333
13334
13333
13333
13334
13333
13334
13333
13333
13334
13333
13333
13333
13334
13333
13333
13334
13333
13334
13333
13333
13334
13333
13333
13333
13334
13333
13333
13334
13333
11148
9276
5941
4816
4266
3258
2896
2659
2463
2097
1848
1705
1548
1554
1576
1423
1121
516
192
75
23
4
2
2
0
0
0
1
1
0
1
1
2
9
11
20
24
13
11
19
20
30
57
63
58
76
74
103
97
137
271
581
912
1422
1482
1626
1999
2109
2265
2594
2981
3384
4006
5006
6205
8081
12007
13333
13333
13333
13334
13333
13334
13333
13333
13334
13333
13333
13333
13334
13333
13333
13334
13333
13334
13333
13333
13333
13334
13333
13333
13334
13333
13334
13333
13333
13333
13334
13333
13333
13334
13333
13334
13333
13333
13333
13334
13333
13333
13334
