6667
13334
13333
13333
13334
13333
13333
13333
13334
13333
13333
13334
13333
13333
13334
13333
13334
13333
13333
13334
13333
13333
13333
13334
13333
13333
13334
13333
13334
13333
13333
13334
13333
13333
11085
9866
8611
7036
6457
5951
4900
4205
3907
3683
3574
3326
3050
2954
3016
2907
2730
2451
1474
938
475
421
375
291
320
279
192
281
307
280
131
44
30
22
17
13
5
4
3
3
1
0
1
0
3
1
10
15
11
36
45
64
106
216
519
1025
2022
1997
1984
2132
2027
2086
2181
2291
2333
2272
2430
2432
2464
2526
2691
2845
2773
2847
3152
3154
3378
4181
4764
4917
4942
5620
6393
7298
8142
9436
12052
12999
13334
13333
13334
13333
13333
13333
13334
13333
13333
13334
13333
13334
13333
13333
13333
13334
13333
13333
13334
13333
13334
13333
13333
13333
13334
13333
13333
13334
