667
1334
1333
1333
1334
1333
1333
1333
1334
1333
1333
1334
1333
1333
1334
1333
1334
1333
1333
1334
1333
1333
1333
1334
1333
1333
1334
1333
1164
1008
695
651
613
565
486
458
448
381
395
359
350
330
333
307
278
205
161
122
126
105
107
96
93
71
63
53
55
53
58
53
58
40
45
26
34
19
26
32
24
34
23
21
22
16
27
18
19
21
18
26
29
30
32
34
34
31
29
34
41
36
36
45
46
51
49
44
67
55
66
70
77
105
97
114
151
197
291
302
320
353
358
455
438
480
563
572
608
673
905
1088
1333
1333
1334
1333
1334
1333
1333
1333
1334
1333
1333
1334
1333
1334
1333
1333
1333
1334
1333
1333
1334
1333
1334
1333
1333
1333
1334
1333
1333
1334
