6667
13334
13333
13333
13334
13333
13333
13333
13334
13333
13333
13334
13333
13333
13334
13333
13334
13333
13333
13334
13333
13333
13333
13334
13333
13333
13334
13333
13334
13333
13333
13334
13333
13333
13333
13334
13333
13333
13334
13333
13333
13334
13333
10829
8927
5943
4796
4186
3447
2984
2739
2155
2084
1977
1789
1330
973
432
325
230
91
88
64
90
76
50
45
50
47
38
21
12
17
8
13
24
17
14
17
19
42
48
86
117
174
350
442
532
173
49
18
11
12
7
2
3
5
13
18
25
66
207
577
2603
3465
3987
4894
5895
8045
11960
13334
13333
13334
13333
13333
13334
13333
13333
13333
13334
13333
13333
13334
13333
13334
13333
13333
13333
13334
13333
13333
13334
13333
13334
13333
13333
13333
13334
13333
13333
13334
13333
13334
13333
13333
13333
13334
13333
13333
13334
