667
1334
1333
1333
1334
1333
1333
1333
1334
1333
1333
1334
1333
1333
1319
1260
1103
1063
1020
948
971
935
896
892
862
865
814
803
770
813
801
797
776
763
717
722
746
692
693
679
704
699
700
469
355
225
186
148
118
105
97
101
68
61
31
20
26
19
18
16
17
32
24
34
33
28
29
31
31
13
17
21
21
23
17
27
20
22
18
21
12
23
23
23
30
31
25
28
28
35
31
44
46
66
68
64
88
89
100
114
144
167
199
300
372
666
666
664
671
715
702
683
699
696
744
746
754
759
753
758
772
802
835
832
841
872
881
894
928
939
960
974
1014
1045
1111
1250
1310
1334
1333
1333
1334
1333
1334
1333
1333
1333
1334
1333
1333
1334
