667
1334
1333
1333
1334
1333
1333
1333
1334
1333
1333
1334
1333
1333
1334
1333
1334
1333
1333
1334
1333
1333
1333
1334
1333
1333
1334
1333
1334
1333
1333
1210
1032
689
682
622
544
519
471
469
407
386
350
320
255
188
154
138
105
97
61
76
73
71
58
52
59
57
51
45
43
35
37
37
24
33
33
27
21
17
24
15
19
13
15
22
21
25
24
18
22
9
23
21
30
34
29
36
34
40
63
48
63
54
60
80
76
75
72
80
91
93
114
152
158
166
266
288
299
306
326
353
364
409
419
474
501
512
578
621
706
960
1093
1333
1334
1333
1333
1333
1334
1333
1333
1334
1333
1334
1333
1333
1333
1334
1333
1333
1334
1333
1334
1333
1333
1333
1334
1333
1333
1334
