6667
13334
13333
13333
13334
13333
13333
13333
13334
13333
13333
13334
13333
13333
13334
13333
13334
13333
13333
13334
13333
13333
13333
13334
13333
13333
13334
13333
13334
13333
13333
13334
13333
13333
13333
13334
13333
13333
13334
13333
13333
13334
13333
13334
12879
11446
7925
6398
4686
3447
2939
2497
2188
2002
1892
1723
1502
1012
541
283
163
119
105
81
57
64
46
44
29
20
13
17
11
10
9
8
14
14
5
8
15
23
6
0
0
0
0
0
1
2
3
8
35
139
935
1211
1311
1551
1597
1810
1787
2027
2538
2629
2983
4126
5458
7044
9983
12453
13334
13333
13334
13333
13333
13334
13333
13333
13333
13334
13333
13333
13334
13333
13334
13333
13333
13333
13334
13333
13333
13334
13333
13334
13333
13333
13333
13334
13333
13333
13334
13333
13334
13333
13333
13333
13334
13333
13333
13334
