667
1334
1333
1333
1334
1333
1333
1333
1334
1333
1333
1334
1333
1333
1334
1333
1334
1333
1333
1334
1333
1333
1333
1334
1333
1333
1334
1333
1100
942
677
609
580
489
525
466
422
406
405
356
371
331
283
283
251
172
153
136
98
94
82
82
78
61
73
60
56
50
59
52
35
38
47
26
30
15
32
27
27
24
22
12
20
25
24
14
13
17
20
23
24
25
43
25
27
34
43
25
24
40
43
54
49
46
62
51
62
60
61
97
87
95
105
120
150
198
257
295
354
379
376
443
498
542
607
633
634
718
1034
1176
1333
1333
1334
1333
1334
1333
1333
1333
1334
1333
1333
1334
1333
1334
1333
1333
1333
1334
1333
1333
1334
1333
1334
1333
1333
1333
1334
1333
1333
1334
