6667
13334
13333
13333
13334
13333
13333
13333
13334
13333
13333
13334
13333
13333
13334
13333
13334
13333
13333
13334
13333
13333
13333
13334
13333
13333
13334
13333
13334
13333
13333
13334
13333
13333
10359
8859
6961
4858
3459
988
692
578
481
341
278
291
268
276
253
241
232
321
365
312
289
295
342
317
307
330
315
275
319
394
359
329
173
105
91
114
80
84
60
18
9
21
7
14
22
23
30
33
36
40
78
114
136
151
251
252
420
488
1010
2389
2189
2064
2227
2389
2462
2506
2486
2522
2895
2876
2885
3125
3160
3224
3409
3949
4303
4930
5532
5907
6675
8107
9416
12020
13019
13334
13333
13333
13334
13333
13334
13333
13333
13333
13334
13333
13333
13334
13333
13334
13333
13333
13333
13334
13333
13333
13334
13333
13334
13333
13333
13333
13334
13333
13333
13334
