667
1334
1333
1333
1334
1333
1333
1333
1334
1333
1333
1334
1333
1333
1334
1333
1268
1230
1145
1057
1023
985
922
913
889
869
860
854
833
788
787
794
792
769
744
731
733
737
724
695
597
452
307
225
209
159
137
130
147
92
100
78
78
64
80
64
75
39
43
42
30
34
33
35
21
16
15
26
16
16
18
29
22
33
25
32
29
31
22
26
23
36
24
28
30
36
41
33
37
38
54
65
69
50
84
79
92
102
112
125
126
171
203
239
282
372
593
683
693
653
706
707
717
713
753
792
747
763
761
804
800
792
803
826
864
889
892
896
942
976
1003
1045
1138
1233
1286
1333
1333
1334
1333
1333
1334
1333
1334
1333
1333
1333
1334
1333
1333
1334
