667
1334
1333
1333
1334
1333
1333
1333
1334
1333
1333
1334
1333
1333
1334
1333
1334
1333
1333
1334
1333
1333
1333
1334
1333
1333
1334
1333
1238
1146
1028
940
903
902
818
717
491
374
362
286
226
230
221
200
156
137
139
126
138
121
126
108
95
97
89
90
87
66
62
60
54
52
55
53
47
40
42
46
41
50
34
41
53
38
48
52
42
37
47
38
58
44
52
52
57
56
44
44
59
56
57
67
61
64
81
85
72
69
77
87
90
124
102
114
96
122
148
172
197
206
210
286
377
379
458
726
834
875
912
953
998
1141
1223
1333
1334
1333
1333
1333
1334
1333
1333
1334
1333
1334
1333
1333
1333
1334
1333
1333
1334
1333
1334
1333
1333
1333
1334
1333
1333
1334
