667
1334
1333
1333
1334
1333
1333
1333
1334
1333
1333
1334
1333
1333
1334
1333
1334
1333
1333
1334
1333
1333
1293
1216
1095
1030
1001
955
941
928
880
880
844
844
781
780
740
755
743
705
605
498
322
238
256
197
208
179
164
175
160
155
129
143
121
95
99
91
95
79
88
55
52
53
42
47
30
36
31
32
26
28
24
22
28
22
25
12
25
29
25
39
28
35
38
43
41
50
50
50
70
72
74
80
91
84
92
101
90
114
109
123
131
139
149
139
153
166
198
200
227
272
366
451
613
757
784
822
903
887
898
895
944
992
1018
1037
1097
1226
1286
1333
1333
1334
1333
1334
1333
1333
1333
1334
1333
1333
1334
1333
1334
1333
1333
1333
1334
1333
1333
1334
