6667
13334
13333
13333
13334
13333
13333
13333
13334
13333
13333
13334
13333
13333
13334
13333
13334
13333
13333
13334
13333
13333
13333
13334
13333
13333
13334
13333
11985
10370
7356
6749
6228
5364
5108
4794
4441
3955
3795
3615
3445
3434
3131
3136
3104
2858
2888
2739
2608
2474
2332
2411
2309
2318
2224
2118
2144
2040
2034
2055
2006
773
292
70
45
32
20
18
12
17
17
12
6
3
4
2
2
0
6
8
8
15
87
131
217
235
265
274
294
260
257
284
256
276
282
322
271
326
336
358
356
337
341
388
392
451
621
814
1087
1125
1135
1382
3946
4994
5204
5813
6203
6930
9531
11076
13333
13333
13334
13333
13334
13333
13333
13333
13334
13333
13333
13334
13333
13334
13333
13333
13333
13334
13333
13333
13334
13333
13334
13333
13333
13333
13334
13333
13333
13334
