6667
13334
13333
13333
13334
13333
13333
13333
13334
13333
13333
13334
13333
13333
13334
13333
13334
13333
13333
13334
13333
13333
13333
13334
13333
13333
13334
13333
13334
13333
13333
13334
13333
13333
13333
13334
13333
13333
13334
13333
13333
13334
13333
13334
13333
13333
10081
7714
4238
3350
3048
2472
2111
1897
1805
1607
1302
789
292
134
96
84
64
44
33
28
31
33
25
22
15
11
15
16
14
17
13
7
14
7
15
18
50
57
68
29
10
0
0
0
0
0
0
0
869
1192
1200
1353
1579
1753
2002
2174
2299
2651
3123
4153
7093
9362
13333
13333
13334
13333
13334
13333
13333
13334
13333
13333
13333
13334
13333
13333
13334
13333
13334
13333
13333
13333
13334
13333
13333
13334
13333
13334
13333
13333
13333
13334
13333
13333
13334
13333
13334
13333
13333
13333
13334
13333
13333
13334
