6667
13334
13333
13333
13334
13333
13333
13333
13334
13333
13333
13334
13333
13333
13334
13333
13334
13333
13333
13334
13333
13333
13333
13334
13333
13333
13334
13333
13334
13333
13333
13334
13333
13333
13333
13334
13333
13333
13334
13333
13333
13334
13333
13334
13333
13333
9375
7099
4345
3221
2767
2285
1971
1878
1773
1531
1183
289
194
131
114
66
66
44
27
42
43
25
23
29
15
10
14
18
14
15
7
7
8
7
13
18
46
59
77
84
170
463
104
0
0
1
0
0
1
54
233
1130
1590
1903
2050
2199
2590
2904
3430
4197
7757
10037
13333
13333
13334
13333
13334
13333
13333
13334
13333
13333
13333
13334
13333
13333
13334
13333
13334
13333
13333
13333
13334
13333
13333
13334
13333
13334
13333
13333
13333
13334
13333
13333
13334
13333
13334
13333
13333
13333
13334
13333
13333
13334
