667
1334
1333
1333
1334
1333
1333
1333
1334
1333
1333
1334
1333
1333
1329
1306
1185
1137
999
980
965
944
905
875
915
842
841
822
813
785
796
785
738
747
718
726
696
728
685
723
675
646
595
412
323
217
182
146
100
123
103
62
38
38
39
32
24
25
21
35
20
35
28
37
22
33
27
26
43
28
19
21
18
12
21
33
21
23
9
22
15
37
34
31
30
35
33
44
37
38
48
37
39
49
74
74
84
102
121
109
140
155
203
257
323
431
611
658
676
686
681
759
698
726
704
770
738
750
777
759
804
792
804
836
842
862
921
895
929
978
979
994
1009
1136
1191
1305
1328
1334
1333
1333
1334
1333
1334
1333
1333
1333
1334
1333
1333
1334
