667
1334
1333
1333
1334
1333
1333
1333
1334
1333
1333
1334
1333
1333
1309
1246
1119
1057
1013
983
934
971
918
882
886
810
845
833
817
808
762
745
767
729
724
726
721
737
724
689
707
673
675
666
683
677
390
282
189
160
148
122
87
80
85
62
73
59
55
37
45
35
22
27
19
23
22
23
25
20
31
30
25
18
17
32
15
22
26
23
28
18
28
32
29
30
31
37
27
21
9
20
20
24
24
21
48
54
88
113
91
116
140
179
184
219
393
480
710
693
688
728
680
711
715
753
735
705
758
760
781
817
798
841
834
853
869
875
864
957
941
982
969
1061
1111
1260
1310
1334
1333
1333
1334
1333
1334
1333
1333
1333
1334
1333
1333
1334
