6667
13334
13333
13333
13334
13333
13333
13333
13334
13333
13333
13334
13333
13333
13334
13333
13334
13333
13333
13334
13333
13333
13333
13334
13333
13333
13334
13333
13334
13333
13333
13334
13333
13333
13333
13334
13333
13333
13169
12715
8922
7194
5664
4267
3936
4280
3478
3116
3156
2761
2676
2569
2192
2091
2106
1828
1410
504
351
233
130
145
154
67
115
92
51
57
47
57
38
28
27
16
16
44
19
20
63
47
71
97
147
180
272
390
389
242
227
179
93
85
96
38
36
39
31
63
91
75
96
112
198
136
182
366
460
1194
3373
5127
6831
9779
12446
13333
13333
13334
13333
13333
13333
13334
13333
13333
13334
13333
13334
13333
13333
13333
13334
13333
13333
13334
13333
13334
13333
13333
13333
13334
13333
13333
13334
13333
13334
13333
13333
13333
13334
13333
13333
13334
