667
1334
1333
1333
1334
1333
1333
1333
1334
1333
1333
1334
1333
1333
1334
1333
1334
1333
1333
1334
1333
1333
1333
1334
1333
1333
1334
1333
1334
1333
1333
1334
1194
763
657
636
586
528
502
414
414
419
336
321
322
282
189
170
99
107
83
82
73
60
57
55
61
43
43
43
38
28
37
23
30
34
27
39
34
19
21
17
22
23
23
15
34
25
27
17
27
24
29
26
31
27
23
33
42
51
48
45
51
71
61
62
63
59
76
88
92
101
118
150
190
280
279
292
316
370
353
374
427
411
419
501
545
549
623
661
765
1201
1334
1333
1334
1333
1333
1333
1334
1333
1333
1334
1333
1334
1333
1333
1333
1334
1333
1333
1334
1333
1334
1333
1333
1333
1334
1333
1333
1334
