667
1334
1333
1333
1334
1333
1333
1333
1334
1333
1333
1334
1333
1333
1334
1333
1334
1333
1333
1334
1333
1333
1333
1334
1333
1333
1334
1333
1222
1154
1013
968
875
785
551
444
359
310
303
241
196
176
160
168
154
117
121
112
126
107
88
113
112
74
69
89
112
75
90
79
61
54
57
36
42
45
38
47
45
29
27
27
41
30
33
38
22
33
37
40
40
25
41
37
42
41
49
49
61
75
72
81
88
87
118
99
84
88
118
131
138
134
153
154
147
148
202
218
303
298
338
387
524
620
800
857
861
852
912
914
1027
1139
1225
1333
1334
1333
1333
1333
1334
1333
1333
1334
1333
1334
1333
1333
1333
1334
1333
1333
1334
1333
1334
1333
1333
1333
1334
1333
1333
1334
