6667
13334
13333
13333
13334
13333
13333
13333
13334
13333
13333
13334
13333
13333
13334
13333
13334
13333
13333
13334
13333
13333
13333
13334
13333
13333
13334
13333
13334
13333
13333
11096
9506
6956
6190
5802
5193
4922
3934
1369
1220
1097
1115
808
615
435
421
385
389
361
348
334
337
301
301
315
296
279
288
275
288
283
275
278
256
250
259
126
74
13
9
6
6
0
1
3
1
3
12
17
19
26
10
18
24
35
43
83
310
822
1989
1958
1999
2028
2117
2161
2188
2305
2294
2342
2460
2489
2468
2786
2811
2830
3024
3062
3129
3375
3453
3582
3861
3978
4458
4791
5069
5465
6393
6712
7240
10477
11897
13333
13334
13333
13333
13333
13334
13333
13333
13334
13333
13334
13333
13333
13333
13334
13333
13333
13334
13333
13334
13333
13333
13333
13334
13333
13333
13334
