667
1334
1333
1333
1334
1333
1333
1333
1334
1333
1333
1334
1333
1333
1334
1333
1334
1314
1281
1145
1105
1053
1015
960
941
894
875
819
814
820
793
768
809
762
717
745
732
729
712
602
404
309
241
206
189
170
152
137
103
127
105
96
88
82
85
59
60
64
50
42
28
37
32
36
22
20
14
23
31
19
24
18
21
24
20
34
31
35
20
34
31
34
38
29
35
41
42
54
52
50
51
51
59
88
94
95
111
114
106
131
150
152
135
211
226
318
421
526
637
653
651
683
708
736
710
734
753
749
778
795
767
801
816
816
845
925
945
960
991
1061
1089
1159
1282
1317
1333
1333
1333
1334
1333
1333
1334
1333
1334
1333
1333
1333
1334
1333
1333
1334
