6667
13334
13333
13333
13334
13333
13333
13333
13334
13333
13333
13334
13333
13333
13334
13333
13334
13333
13333
13334
13333
13333
13333
13334
13333
13333
13334
13333
11160
9503
6864
6294
5831
5207
4946
4858
4535
3926
3729
3645
3479
3405
3109
2901
2781
2814
2660
2497
2628
2483
2394
2382
2275
2214
2147
2175
2158
2075
1980
2006
2023
1260
776
158
80
62
39
18
17
6
4
9
2
0
0
3
0
0
0
4
1
8
38
77
233
260
280
257
272
277
273
275
282
288
310
318
286
316
329
329
355
380
376
814
936
941
1031
1655
3704
3742
4041
4460
4769
5035
5547
6302
6915
7302
10394
11930
13333
13333
13334
13333
13334
13333
13333
13333
13334
13333
13333
13334
13333
13334
13333
13333
13333
13334
13333
13333
13334
13333
13334
13333
13333
13333
13334
13333
13333
13334
