667
1334
1333
1333
1334
1333
1333
1333
1334
1333
1333
1334
1333
1333
1334
1333
1279
1219
1133
1043
997
995
970
955
919
896
867
852
821
785
814
814
781
786
734
744
734
736
709
711
694
675
666
538
427
283
239
207
170
125
132
112
85
87
89
74
54
56
52
49
40
38
45
44
49
37
32
33
37
18
22
34
26
19
17
39
22
25
22
27
23
31
36
36
34
34
36
38
34
29
39
52
42
36
37
39
43
39
57
54
60
90
137
155
169
160
234
265
449
614
701
682
707
709
712
744
736
757
792
792
816
798
795
839
883
858
914
929
956
985
1041
1041
1132
1234
1273
1333
1333
1334
1333
1333
1334
1333
1334
1333
1333
1333
1334
1333
1333
1334
