667
1334
1333
1333
1334
1333
1333
1333
1334
1333
1333
1334
1333
1333
1314
1258
1111
1025
990
975
968
958
914
885
885
839
835
816
799
812
784
761
744
798
759
741
707
722
696
712
685
664
691
700
662
663
453
344
206
179
149
133
91
89
87
79
75
68
56
49
29
31
20
29
21
26
33
24
20
20
18
24
29
18
21
21
19
23
26
23
22
14
27
19
23
20
17
10
6
18
12
26
25
39
55
50
71
60
91
84
95
116
125
156
171
176
251
392
677
694
671
671
724
714
748
731
763
744
767
761
829
788
833
832
828
876
877
886
908
955
957
982
1009
1053
1133
1252
1311
1334
1333
1333
1334
1333
1334
1333
1333
1333
1334
1333
1333
1334
