667
1334
1333
1333
1334
1333
1333
1333
1334
1333
1333
1334
1333
1333
1334
1333
1334
1333
1333
1334
1333
1333
1333
1334
1333
1333
1334
1333
1334
1333
1333
1246
1156
1010
901
784
617
477
414
332
261
249
220
195
190
147
132
144
129
125
123
119
113
99
112
91
69
82
80
72
76
70
54
48
36
48
43
38
27
32
26
26
39
30
20
28
21
27
29
26
35
38
32
30
44
42
46
46
54
54
74
70
85
83
70
81
94
106
93
90
87
115
110
135
109
130
136
153
160
139
189
205
275
278
343
378
472
635
917
1126
1333
1333
1334
1333
1334
1333
1333
1333
1334
1333
1333
1334
1333
1334
1333
1333
1333
1334
1333
1333
1334
1333
1334
1333
1333
1333
1334
1333
1333
1334
