667
1334
1333
1333
1334
1333
1333
1333
1334
1333
1333
1334
1333
1333
1334
1333
1334
1333
1333
1334
1294
1184
1108
1031
975
923
920
829
861
844
825
800
798
834
776
744
745
723
714
710
518
479
349
264
219
177
179
158
141
155
119
121
95
91
105
89
67
61
62
65
38
54
59
45
34
36
41
45
37
30
54
29
26
33
34
41
34
39
44
50
50
40
53
37
56
51
48
38
59
47
41
45
43
52
55
56
73
61
57
71
70
80
113
93
125
122
169
219
288
317
405
655
663
724
751
758
756
839
810
806
789
810
842
880
945
956
977
1012
1087
1193
1294
1334
1333
1334
1333
1333
1333
1334
1333
1333
1334
1333
1334
1333
1333
1333
1334
1333
1333
1334
