6667
13334
13333
13333
13334
13333
13333
13333
13334
13333
13333
13334
13333
13333
13334
13333
13334
13333
13333
13334
13333
13333
13333
13334
13333
13333
13334
13333
13334
13333
13333
13334
13333
13333
13333
12411
9845
7628
5861
2491
1331
881
564
382
342
270
248
271
270
300
290
176
305
311
202
158
141
198
120
115
127
295
341
215
330
309
94
198
180
134
97
65
52
30
15
44
22
9
22
25
22
30
80
59
31
86
93
101
158
244
252
310
558
1340
1953
2233
2440
2488
2531
2478
2456
2473
2725
2851
2903
3160
3689
3846
3963
4478
4668
5112
6251
7317
9496
12336
13333
13333
13333
13334
13333
13333
13334
13333
13334
13333
13333
13333
13334
13333
13333
13334
13333
13334
13333
13333
13333
13334
13333
13333
13334
13333
13334
13333
13333
13333
13334
13333
13333
13334
