667
1334
1333
1333
1334
1333
1333
1333
1334
1333
1333
1334
1333
1333
1334
1333
1334
1333
1333
1334
1333
1333
1333
1334
1333
1333
1334
1333
1334
1333
1333
1238
1114
856
686
602
582
543
531
434
416
373
409
250
218
172
149
124
94
102
88
84
82
65
68
54
68
44
61
50
51
44
50
38
34
36
38
33
26
32
19
21
27
19
13
25
24
15
21
21
24
20
31
38
24
32
33
37
43
48
42
57
53
59
54
62
72
74
70
90
97
97
117
142
147
152
189
222
279
337
365
344
384
465
464
479
490
559
516
629
801
990
1113
1333
1334
1333
1333
1333
1334
1333
1333
1334
1333
1334
1333
1333
1333
1334
1333
1333
1334
1333
1334
1333
1333
1333
1334
1333
1333
1334
