6667
13334
13333
13333
13334
13333
13333
13333
13334
13333
13333
13334
13333
13333
13334
13333
13334
13333
13333
13334
13333
13333
13333
13334
13333
13333
13334
13333
13334
13333
13333
11930
10712
8458
7652
6879
5789
5420
5280
4768
4065
3706
3320
2976
2974
2917
2925
2713
2490
2584
2405
2280
2288
2258
2131
2107
2198
2013
1388
885
353
242
178
116
82
79
51
44
55
43
33
15
10
5
9
6
11
11
31
37
54
117
73
136
314
289
253
172
246
245
304
281
271
273
235
196
217
317
348
299
251
269
371
335
321
459
290
370
744
560
750
1454
2436
3745
7035
7856
8507
9857
12471
13334
13333
13333
13334
13333
13334
13333
13333
13333
13334
13333
13333
13334
13333
13334
13333
13333
13333
13334
13333
13333
13334
13333
13334
13333
13333
13333
13334
13333
13333
13334
