6667
13334
13333
13333
13334
13333
13333
13333
13334
13333
13333
13334
13333
13333
13334
13333
13334
13333
13333
13334
13333
13333
13333
13334
13333
13333
13334
13333
13334
13333
13333
13334
13333
13333
13333
12335
9461
7324
6239
5056
4811
4608
4053
3903
3642
3180
2926
2866
2640
2520
2481
2391
2462
2434
2460
2304
1939
1275
559
252
254
198
140
76
99
88
34
80
83
33
31
19
28
13
23
45
15
23
74
59
98
160
216
193
127
302
338
219
307
295
140
140
124
198
155
152
199
309
311
151
301
274
236
259
271
305
332
416
602
926
1313
2365
5816
7704
9868
12454
13333
13333
13333
13334
13333
13333
13334
13333
13334
13333
13333
13333
13334
13333
13333
13334
13333
13334
13333
13333
13333
13334
13333
13333
13334
13333
13334
13333
13333
13333
13334
13333
13333
13334
