6667
13334
13333
13333
13334
13333
13333
13333
13334
13333
13333
13334
13333
13333
13334
13333
13334
13333
13333
13334
13333
13333
13333
13334
13333
13333
13334
13333
13334
13333
13333
13334
13333
13333
13333
13334
13333
13333
13168
12677
8698
6905
5627
4731
4283
4011
3879
3636
3104
3134
3180
2532
2431
2499
2399
2079
1960
2101
2025
1812
1032
643
459
295
171
79
28
17
18
5
5
4
2
1
0
0
1
0
2
3
1
0
4
6
23
11
20
21
121
277
710
1483
1771
1746
1697
1733
1810
2055
2141
2001
2320
2431
2335
2784
3036
3147
3187
3339
3643
4057
4282
4512
5404
6527
9054
12178
13333
13333
13333
13334
13333
13333
13334
13333
13334
13333
13333
13333
13334
13333
13333
13334
13333
13334
13333
13333
13333
13334
13333
13333
13334
13333
13334
13333
13333
13333
13334
13333
13333
13334
