667
1334
1333
1333
1334
1333
1333
1333
1334
1333
1333
1334
1333
1333
1334
1333
1334
1333
1333
1334
1333
1333
1295
1238
1095
1056
979
956
934
915
907
883
848
821
784
759
615
459
362
299
226
190
183
181
165
132
138
142
139
111
113
110
99
109
95
87
71
72
86
77
47
42
29
39
42
41
34
24
28
23
35
24
26
26
18
27
21
26
27
21
28
34
28
53
35
45
42
56
54
66
75
75
81
103
118
104
111
130
146
139
146
172
158
203
179
196
249
292
329
513
610
709
761
730
745
825
813
815
840
873
896
898
932
986
1014
1029
1096
1220
1299
1333
1333
1334
1333
1334
1333
1333
1333
1334
1333
1333
1334
1333
1334
1333
1333
1333
1334
1333
1333
1334
