6667
13334
13333
13333
13334
13333
13333
13333
13334
13333
13333
13334
13333
13333
13334
13333
13334
13333
13333
13334
13333
13333
13333
13334
13333
13333
13334
13333
11550
10200
8103
6506
5861
5419
4950
4680
4202
4108
3981
3743
3471
3444
3281
3054
2890
2824
2722
2702
2499
2560
2480
2503
2252
2273
2275
2217
2188
2008
2110
2025
2015
1178
829
259
117
60
51
29
12
6
5
5
2
2
2
0
1
3
3
1
6
11
19
38
104
202
265
275
286
294
273
265
272
286
323
306
329
330
331
335
486
621
899
992
1576
3211
3426
3546
3975
4196
4265
4604
4922
5059
5700
6882
7707
8930
11694
12844
13333
13333
13334
13333
13334
13333
13333
13333
13334
13333
13333
13334
13333
13334
13333
13333
13333
13334
13333
13333
13334
13333
13334
13333
13333
13333
13334
13333
13333
13334
