6667
13334
13333
13333
13334
13333
13333
13333
13334
13333
13333
13334
13333
13333
13334
13333
13334
13333
13333
13334
13333
13333
13333
13334
13333
13333
13334
13333
13334
13333
13333
13334
13333
13333
13333
12597
10387
8026
7007
5973
5348
4931
4245
3903
3710
3391
3269
3227
2939
2611
2629
2715
2632
2596
2580
1812
1286
727
559
448
329
272
252
61
30
19
19
14
10
9
0
1
2
0
1
1
0
2
0
2
4
9
2
20
36
65
84
117
459
893
2021
2048
2062
2265
2134
2108
2384
2361
2331
2444
2344
2385
2728
2747
2675
2715
2902
3063
3133
3215
3591
4014
4427
4881
5355
6066
6871
8470
10799
11949
13333
13333
13334
13333
13334
13333
13333
13333
13334
13333
13333
13334
13333
13334
13333
13333
13333
13334
13333
13333
13334
13333
13334
13333
13333
13333
13334
13333
13333
13334
