667
1334
1333
1333
1334
1333
1333
1333
1334
1333
1333
1334
1333
1333
1334
1333
1334
1333
1333
1334
1299
1197
1096
1034
986
967
955
879
876
851
799
807
780
816
743
770
744
708
733
706
734
697
630
441
302
229
188
166
150
156
159
153
107
109
92
88
90
68
73
67
61
53
59
42
37
44
36
52
44
46
28
33
18
32
22
33
16
21
32
22
22
18
28
30
25
30
46
53
45
40
63
45
53
68
73
61
78
78
79
91
110
124
130
135
133
132
152
174
213
226
265
327
593
685
748
745
714
805
814
782
837
849
879
859
928
978
976
1041
1086
1172
1300
1334
1333
1334
1333
1333
1333
1334
1333
1333
1334
1333
1334
1333
1333
1333
1334
1333
1333
1334
