667
1334
1333
1333
1334
1333
1333
1333
1334
1333
1333
1334
1333
1333
1334
1333
1334
1333
1333
1334
1333
1333
1333
1334
1333
1203
1152
1024
994
962
873
885
876
815
800
810
757
571
426
337
276
279
246
192
174
161
157
142
135
120
113
100
102
108
92
108
99
76
75
53
65
55
64
34
43
67
42
39
42
48
44
47
44
38
46
53
43
49
52
36
47
39
38
42
53
63
58
51
48
50
59
63
69
65
94
85
70
74
91
79
89
90
104
125
114
133
149
177
180
193
242
321
395
546
675
755
804
801
913
907
899
987
1008
1032
1131
1200
1333
1333
1334
1333
1333
1334
1333
1334
1333
1333
1333
1334
1333
1333
1334
1333
1334
1333
1333
1333
1334
1333
1333
1334
