6667
13334
13333
13333
13334
13333
13333
13333
13334
13333
13333
13334
13333
13333
13334
13333
13334
13333
13333
13334
13333
13333
13333
13334
13333
13333
13334
13333
13334
13333
13333
13334
13333
13333
13333
13334
13333
13333
13334
13333
13333
12144
8464
6135
5300
4843
3886
3415
3435
3119
2894
2830
2553
2333
2370
2263
2137
1555
1559
1290
579
503
364
156
155
132
49
44
50
46
11
2
5
0
2
3
2
0
2
3
4
1
2
0
0
10
14
15
55
97
182
604
899
1284
1559
1681
1797
1894
1929
2244
2248
2356
2644
2610
2759
3376
3065
3168
3988
4382
4966
6280
8578
10350
13333
13334
13333
13333
13333
13334
13333
13333
13334
13333
13334
13333
13333
13333
13334
13333
13333
13334
13333
13334
13333
13333
13333
13334
13333
13333
13334
13333
13334
13333
13333
13333
13334
13333
13333
13334
