6667
13334
13333
13333
13334
13333
13333
13333
13334
13333
13333
13334
13333
13333
13334
13333
13334
13333
13333
13334
13333
13333
13333
13334
13333
13333
13334
13333
13334
13333
13333
11508
10177
8100
6476
5954
5836
3728
2616
1313
1275
1146
747
553
416
455
425
397
389
352
389
331
344
322
328
328
294
311
291
275
290
276
255
285
265
255
242
132
71
37
22
12
7
4
1
4
6
4
12
9
22
21
21
29
29
62
79
81
168
390
1034
1879
2142
2285
2203
2300
2327
2341
2305
2479
2508
2558
2574
2806
2904
3011
3134
3280
3257
3498
3777
4065
4152
4338
4705
5059
5193
5445
6585
7514
9367
11809
12837
13333
13334
13333
13333
13333
13334
13333
13333
13334
13333
13334
13333
13333
13333
13334
13333
13333
13334
13333
13334
13333
13333
13333
13334
13333
13333
13334
