6667
13334
13333
13333
13334
13333
13333
13333
13334
13333
13333
13334
13333
13333
13334
13333
13334
13333
13333
13334
13333
13333
13333
13334
13333
13333
13334
13333
13334
13333
13333
13334
13333
13333
13333
13334
13333
13333
13334
13333
13333
12039
8025
5934
4814
4033
3388
2634
595
214
75
19
15
10
6
3
2
6
13
19
20
62
174
511
419
323
166
99
79
66
24
23
15
20
9
26
15
12
8
20
15
39
43
58
39
55
66
89
92
60
89
222
313
441
957
1264
1840
1948
2106
2187
2621
2952
3419
4258
4815
6049
8908
10758
13333
13333
13334
13333
13334
13333
13333
13334
13333
13333
13333
13334
13333
13333
13334
13333
13334
13333
13333
13333
13334
13333
13333
13334
13333
13334
13333
13333
13333
13334
13333
13333
13334
13333
13334
13333
13333
13333
13334
13333
13333
13334
