6667
13334
13333
13333
13334
13333
13333
13333
13334
13333
13333
13334
13333
13333
13334
13333
13334
13333
13333
13334
13333
13333
13333
13334
13333
13333
13334
13333
13334
13333
13333
13334
13333
13333
13333
12244
8887
6523
5327
4493
4200
4082
3624
3271
2998
3036
3037
2766
2301
2321
2294
2033
2032
2087
1922
1764
1731
1673
1784
1618
677
292
98
35
22
24
12
2
2
0
2
3
6
0
0
0
1
0
1
3
6
4
12
19
23
90
131
293
514
692
1091
1810
1996
2124
1930
1988
2337
2404
2550
2615
3101
3273
3088
3703
3774
4099
4354
4803
5526
6864
8714
12700
13165
13333
13333
13334
13333
13333
13333
13334
13333
13333
13334
13333
13334
13333
13333
13333
13334
13333
13333
13334
13333
13334
13333
13333
13333
13334
13333
13333
13334
13333
13334
13333
13333
13333
13334
13333
13333
13334
