667
1334
1333
1333
1334
1333
1333
1333
1334
1333
1333
1334
1333
1333
1334
1333
1334
1333
1333
1334
1333
1333
1333
1334
1333
1333
1334
1333
1242
1154
925
684
630
601
523
527
462
412
409
391
383
302
296
240
214
136
139
134
110
83
89
97
84
79
78
68
62
64
64
42
31
36
44
37
31
42
37
32
32
24
17
27
30
34
24
19
29
20
20
21
23
23
33
31
40
40
39
40
50
33
48
37
43
50
52
59
53
61
77
91
70
78
92
143
124
133
182
261
303
337
372
407
429
523
495
595
641
753
931
1092
1333
1333
1334
1333
1334
1333
1333
1333
1334
1333
1333
1334
1333
1334
1333
1333
1333
1334
1333
1333
1334
1333
1334
1333
1333
1333
1334
1333
1333
1334
