6667
13334
13333
13333
13334
13333
13333
13333
13334
13333
13333
13334
13333
13333
13334
13333
13334
13333
13333
13334
13333
13333
13333
13334
13333
13333
13334
13333
13334
13333
13333
13334
13333
13333
13333
13334
13333
13333
12726
10904
6709
5152
4994
4102
3764
3444
2791
2467
2278
2209
2110
1743
1877
1788
1554
1637
1612
1279
645
319
94
42
21
10
8
1
1
1
1
1
0
0
0
1
1
1
4
11
17
24
23
47
49
64
99
80
85
95
134
191
440
952
1267
1550
2007
2008
1906
2371
2530
2476
3031
3377
3461
4271
4627
5181
7739
9751
13333
13333
13334
13333
13334
13333
13333
13334
13333
13333
13333
13334
13333
13333
13334
13333
13334
13333
13333
13333
13334
13333
13333
13334
13333
13334
13333
13333
13333
13334
13333
13333
13334
13333
13334
13333
13333
13333
13334
13333
13333
13334
