667
1334
1333
1333
1334
1333
1333
1333
1334
1333
1333
1334
1333
1333
1334
1333
1334
1333
1333
1334
1333
1333
1333
1334
1333
1333
1334
1333
1191
1075
912
710
626
567
499
486
432
420
416
378
300
277
213
173
148
129
115
130
118
97
96
88
74
72
66
69
77
65
52
58
56
47
47
57
42
29
27
43
23
31
22
31
19
21
35
20
33
18
28
28
32
29
26
29
28
35
49
54
42
54
60
54
47
55
60
71
78
78
65
86
84
91
143
156
140
127
176
192
224
336
368
434
514
581
621
750
816
904
1235
1334
1333
1333
1334
1333
1334
1333
1333
1333
1334
1333
1333
1334
1333
1334
1333
1333
1333
1334
1333
1333
1334
1333
1334
1333
1333
1333
1334
1333
1333
1334
