667
1334
1333
1333
1334
1333
1333
1333
1334
1333
1333
1334
1333
1333
1330
1306
1198
1109
1022
1019
975
963
919
900
907
850
842
836
805
796
763
764
762
727
746
737
747
688
734
690
668
629
456
337
301
191
182
140
90
94
79
104
73
68
91
69
58
47
29
27
32
18
15
15
12
11
17
20
24
18
23
21
15
13
24
22
25
23
15
21
26
26
30
29
28
30
41
37
35
38
45
54
61
58
63
63
89
83
106
122
140
157
235
296
333
522
652
693
690
691
684
688
709
735
680
710
732
775
752
760
806
792
810
849
855
863
902
898
914
941
997
997
988
1134
1171
1305
1325
1334
1333
1333
1334
1333
1334
1333
1333
1333
1334
1333
1333
1334
