667
1334
1333
1333
1334
1333
1333
1333
1334
1333
1333
1334
1333
1333
1334
1333
1334
1333
1333
1334
1333
1333
1333
1334
1333
1333
1334
1333
1334
1333
1333
1334
1236
949
830
762
609
557
505
445
351
323
252
212
182
152
139
131
128
96
91
72
77
73
84
67
63
44
41
47
41
55
46
40
44
44
36
37
39
31
18
19
13
25
27
25
19
19
26
21
21
30
32
26
33
48
54
40
58
53
46
62
71
54
62
64
82
87
78
92
93
111
105
97
110
145
125
160
181
268
341
391
394
419
451
485
487
535
651
720
888
1105
1188
1333
1334
1333
1333
1333
1334
1333
1333
1334
1333
1334
1333
1333
1333
1334
1333
1333
1334
1333
1334
1333
1333
1333
1334
1333
1333
1334
