667
1334
1333
1333
1334
1333
1333
1333
1334
1333
1333
1334
1333
1333
1334
1333
1334
1333
1333
1334
1333
1333
1333
1334
1333
1333
1334
1333
1334
1333
1333
1230
1096
809
615
556
489
370
319
268
214
193
194
165
147
150
130
128
108
103
101
80
89
99
98
85
84
81
68
60
66
54
57
42
54
57
44
33
38
28
40
34
44
25
32
27
29
40
40
29
41
34
48
39
55
43
62
59
48
67
68
66
56
68
62
67
73
72
62
91
90
108
100
117
119
119
134
139
156
206
210
239
341
400
540
657
783
1100
1276
1334
1333
1333
1334
1333
1334
1333
1333
1333
1334
1333
1333
1334
1333
1334
1333
1333
1333
1334
1333
1333
1334
1333
1334
1333
1333
1333
1334
1333
1333
1334
