6667
13334
13333
13333
13334
13333
13333
13333
13334
13333
13333
13334
13333
13333
13334
13333
13334
13333
13333
13334
13333
13333
13333
13334
13333
13333
13334
13333
13334
13333
13333
13334
13333
13333
13333
13334
13333
13333
13334
13333
13333
13334
13333
10057
7857
4222
3379
2912
2571
2272
1972
1802
1571
1171
235
61
0
0
0
0
0
1
107
467
192
84
70
51
43
25
11
9
8
9
14
20
14
17
11
13
14
16
33
39
26
26
39
35
71
85
107
112
176
271
1214
1533
1756
1808
1920
2218
2758
3172
4196
7097
9364
13333
13334
13333
13333
13333
13334
13333
13334
13333
13333
13334
13333
13333
13333
13334
13333
13333
13334
13333
13334
13333
13333
13333
13334
13333
13333
13334
13333
13334
13333
13333
13333
13334
13333
13333
13334
13333
13334
13333
13333
13333
13334
13333
13333
13334
